1111111111111111111111111111111111111111111111111111111111111111
1000000000000000000000000000000010100000000000000000000110110111
1000000000000000000000000000000010100000000000000000000110110011
1000000000000000000000000000000010100000000000000000000110011001
1000000000000000000000000000000010100000000000000000000011011111
1111111111111111111111111111000010100000000000000000000011000111
1000000000000000000000000001000010100000000000000000000001110001
1111111111111111111111111111000010100000000000000000000000111111
1000000000000000000000000000000010100000000000000000000000001111
1000000000000000000000000000000010100000000000000000000000000001
1000000000000000000000000000000010100000000000000000000000000001
1000000000000000000000000000000010100000000000000000000000000001
1000001111111111111111111111111110100000000000000000000000000001
1000001000000000000000000000000000100000000000000000000000000001
1000001111111111111111111111111110100000000000000000000000000001
1000000000000000000000000000000010100000000000000000000000000001
1000000000000000000000000000000011100000000000000000000000000001
1000000000000000000000000000000000000000000000000000000000000001
1000000000000000000000000000000000000000000000000000000000000001
1000000000000000000000000000000000000000000000000000000000000001
1000000000000000000000000000000000000000000000000000000000000001
1000000000000000000000000000000000000000000000000000000000000001
1000000000000000000000000000000000000000000000000000000000000001
1000000000000000000000000000000000000000000000000000000000000001
1000000000000000000000000000000011111111111111111000001111111111
1000000000000000000000000000000010000000000000001000001000000001
1000000000000000000000000000000011111101111111111000001111111111
1000000011111111111111110000000000000101000000000000000000000001
1000000010000000000000010000000000000101000000000000000000000001
1000000011111111111111110000000000000101000000000000000000000001
1000000000000000000000000000000000000101000011000000000001100001
1000000000000000000000000000000000000101000011000000000001100001
1000000000000000000000000000000000000101000000000000000000000001
1000000000000000000000000000000000000101000000000000000000000001
1000000000000000000000000000000000000101000000000000000000000001
1000000000000000000000000000000000000101000000000000000000000001
1000000000000000000000000000000000000101000011000000000001100001
1000000000000000000000000000000000000111000011000000000001100001
1000000000000000000000000000000000000000000000000000000000000001
1000000000000000000000000000000000000000000000000000000000000001
1111111110000000000000000000000000000000000000000000000000000001
1000000010000000000000000000000000000000000000000000000000000001
1011111010000000000000000000000000000000000011000000000001100001
1010001010000000000000000000000000000000000011000000000001100001
1010101010000000000000000000000000000000000000000000000000000001
1010001010000000000000000000000000000111000000000000000000000001
1011111010000000000000000000000000000101000000000000000000000001
1000000010000000000000011111111000000101000000000000000000000001
1111111110000000000000010000001000000101000011000000000001100001
1000000000000000000000011111111000000101000011000000000001100001
1000000000000000000000000000000000000101000000000000000000000001
1000000000000000000000000000000000000101000000000000000000000001
1000000000000000000000000000000000000101000000000000000000000001
1000000000000000000000000000000000000101000000000000000000000001
1000000000000000000000011111111111111111111111111000001111111111
1000000000000000000000010000000000000000000000001000001000000001
1000000000000000000000011111111111111111111111111000001011111111
1000000000000000000000000000000000000000000000000000001010000001
1000000000000000000000000000000000000000000000000000001010000001
1000000000000000000000000000000000000000000000000000001010000001
1000000000000000000000000000000000000000000000000000001010000001
1000000000000000000000000000000000000000000000000000001010000001
1000000000000000000000000000000000000000000000000000001110000001
1000000000000000000000000000001110000000000000000000000000000001
1000000000000000000000000000001010000000000000000000000000000001
1000000000000000000000000000001010000000000000000000000000000001
1111111111111111111111111111111111111111111111111111111111111111
