11111111111111111111111111111111111111111111111
10000000000000000000000111000000000000000000001
10000000000000000000000111000000000000000000001
10000000000000000000000111000000000000000000001
10000000000000000000000111000000000000000000001
10000000000000000000000111000000000111100000001
10000111111111100000000111000000001111110000001
10000000000000000000000111000000011111111000001
10000000000000000000000111000000011111111000001
10000000000000000000000111000000011111111000001
10000000000000000000000000000000011111111000001
10000000000000000000000000000000001111110000001
10000000000111111100000000000000000111100000001
10000000000100000000000000000000000000000000001
10000000000100000000000000000000000000000000001
10000000000100000000000000000000000000000000001
10000000000100000000000000000000000000000000001
10000000000100000000000000000000000000000000001
10000010000100001110000000000000000000000000001
10000000000100001110000000000000000000000000001
10000000010100001110000000000000000000000000001
10000000000100001110000000000000000000000000001
10010000000100001110000000000000000000000000001
10000000000100001110000000000000000000000000001
10000000000100001110000000000000000000000000001
10000000000100001110000000000001111111110000111
10000001000100001110000000000001111111110000111
10000000000100001110000000000000000011000000001
10000000000100001110000000000000000011000000001
10000000000100001110000000000000000011000000001
10100000100100000000000000000000000011000000001
10000000000100000000000000000000000011000000111
10000000000100000000000000000110000011000000111
10000000010100000000000000000110000000000000111
10000000000100000000000000000110000000000000111
10000000000100000000000000000110000000000000111
10000011111111111111111000000110000000000000111
10000000000000000000000000000110000000000000111
10000000000000000000000000011111110000000000111
10000000000000000000000000011111110000000000111
10000000000000000000000000000110000000000000111
10000000000000000000000000000110000000000000111
11111111111111100000111000000110000000001111111
11111111111111100000111000000110000000001111111
10000000000000000000111000000110000000000000001
10000000000000000000111000000000000000000000001
10000000000000000000111000000000000000000000001
10000000000000000000111000000000000000000000001
10000000000000000000111000000000000000000000001
11111111111111111111111111111111111111111111111
